     0/149     10.9G       7.3      4.16         0      11.5        15       512         0         0    0.0116         0      6.22      2.31         0
     1/149     10.2G       5.2      2.69         0      7.88        14       512      0.78   0.00771     0.153    0.0153      4.89      1.66         0
     2/149     10.2G      4.45      2.14         0      6.59        24       512     0.216     0.418     0.214     0.285      4.63      1.31         0
     3/149     10.2G       4.2      1.77         0      5.97        11       512     0.305     0.429      0.26     0.357      3.99       1.2         0
     4/149     10.2G      3.99      1.59         0      5.57        14       512     0.319     0.416     0.314     0.361      4.09      1.08         0
     5/149     10.2G      3.84      1.52         0      5.36        28       512     0.384     0.475     0.378     0.425      3.69      1.04         0
     6/149     10.2G      3.78       1.5         0      5.28         8       512      0.47      0.46     0.403     0.465      3.57     0.997         0
     7/149     10.2G      3.49      1.35         0      4.83        10       512     0.509     0.479      0.45     0.493      3.41     0.959         0
     8/149     10.2G      3.39      1.31         0       4.7        13       512     0.457     0.482      0.43     0.469      3.35     0.931         0
     9/149     10.2G      3.42      1.31         0      4.73        10       512     0.458     0.483     0.402      0.47      3.42     0.956         0
    10/149     10.2G      3.23      1.21         0      4.44        13       512      0.55     0.431      0.45     0.483      3.26     0.968         0
    11/149     10.2G      3.14      1.26         0       4.4        18       512     0.529      0.48     0.475     0.504      3.42     0.933         0
    12/149     10.2G      3.05      1.24         0      4.29        16       512     0.562     0.536     0.507     0.549      3.16     0.852         0
    13/149     10.2G      2.99      1.16         0      4.16        17       512     0.528     0.547     0.487     0.537       3.1     0.892         0
    14/149     10.2G      3.01      1.14         0      4.15        20       512     0.503     0.486     0.448     0.494      3.36     0.918         0
    15/149     10.2G      2.88      1.13         0      4.02        14       512     0.433     0.543     0.447     0.482      3.39     0.936         0
    16/149     10.2G      3.07      1.22         0      4.29        12       512     0.003      0.15   0.00122   0.00588      7.47      62.6         0
    17/149     10.2G      3.05      1.22         0      4.27        13       512     0.167     0.314    0.0933     0.218      3.83      1.32         0
    18/149     10.2G      2.96      1.21         0      4.17        14       512     0.532     0.446     0.408     0.485      3.29      0.96         0
    19/149     10.2G      2.96      1.14         0       4.1        12       512     0.376     0.542     0.344     0.444      3.22     0.887         0
    20/149     10.2G      2.84      1.16         0      4.01        10       512     0.446     0.435     0.319      0.44      3.25      1.01         0
    21/149     10.2G      2.77      1.06         0      3.83        12       512     0.602     0.401     0.456     0.481       3.2     0.926         0
    22/149     10.2G      2.78      1.08         0      3.85        19       512     0.574     0.392     0.385     0.466      3.33     0.968         0
    23/149     10.2G      2.74      1.03         0      3.78        20       512      0.61     0.318     0.349     0.419      3.32      1.08         0
    24/149     10.2G      2.75      1.08         0      3.83         8       512     0.549     0.351     0.381     0.429       3.2      1.03         0
    25/149     10.2G      2.74      1.03         0      3.78        11       512     0.572     0.405     0.429     0.475      3.18     0.888         0
    26/149     10.2G      2.64       1.1         0      3.73        10       512     0.515     0.528     0.494     0.522      2.95     0.871         0
    27/149     10.2G      2.53     0.988         0      3.52        14       512     0.634     0.478     0.532     0.545      2.77      0.82         0
    28/149     10.2G      2.52     0.971         0      3.49        16       512     0.658      0.48     0.526     0.555      2.75     0.755         0
    29/149     10.2G      2.52     0.939         0      3.46        22       512     0.643      0.47     0.522     0.543      2.68     0.764         0
    30/149     10.2G       2.4     0.914         0      3.32        14       512     0.624     0.508     0.548      0.56      2.73     0.766         0
    31/149     10.2G      2.36     0.898         0      3.26         8       512     0.617     0.524     0.565     0.566       2.6     0.765         0
    32/149     10.2G      2.38      0.94         0      3.32        23       512      0.71     0.487      0.57     0.578      2.59     0.788         0
    33/149     10.2G      2.32     0.872         0      3.19        16       512     0.701     0.513     0.583     0.592      2.54     0.772         0
    34/149     10.2G      2.17     0.857         0      3.03         8       512     0.701     0.516     0.587     0.595      2.59     0.782         0
    35/149     10.2G      2.22      0.83         0      3.05        12       512     0.721     0.502     0.578     0.592      2.54     0.826         0
    36/149     10.2G      2.21      0.81         0      3.02        14       512     0.581     0.599     0.583      0.59      2.53     0.703         0
    37/149     10.2G      2.18     0.851         0      3.03         7       512     0.668     0.515     0.576     0.582      2.59     0.764         0
    38/149     10.2G      2.17     0.787         0      2.96        19       512     0.645     0.572     0.589     0.606      2.49     0.717         0
    39/149     10.2G      2.11     0.869         0      2.98        16       512     0.615     0.559     0.589     0.585      2.48     0.744         0
    40/149     10.2G      2.09     0.814         0       2.9        16       512     0.622     0.576     0.607     0.598      2.39     0.672         0
    41/149     10.2G      2.09     0.846         0      2.93        11       512     0.669     0.541     0.602     0.598      2.38     0.724         0
    42/149     10.2G      2.06     0.805         0      2.87        17       512     0.731     0.522     0.602     0.609      2.47      0.79         0
    43/149     10.2G      1.99     0.739         0      2.72        12       512     0.719     0.527     0.586     0.608      2.47      0.82         0
    44/149     10.2G      2.03      0.73         0      2.75        11       512     0.683      0.54     0.591     0.603      2.53     0.817         0
    45/149     10.2G      1.94     0.734         0      2.67        13       512     0.663     0.571     0.609     0.613      2.43     0.738         0
    46/149     10.2G      1.91     0.772         0      2.68        18       512     0.723      0.54     0.601     0.619      2.34     0.783         0
    47/149     10.2G      2.02     0.749         0      2.77        10       512     0.649     0.577     0.623     0.611      2.33     0.721         0
    48/149     10.2G       1.9     0.719         0      2.62        12       512     0.702      0.58     0.638     0.636      2.37     0.749         0
    49/149     10.2G      1.88     0.715         0       2.6        16       512     0.699     0.575     0.645     0.631      2.41     0.712         0
    50/149     10.2G      1.77     0.711         0      2.48        10       512     0.716     0.553      0.62     0.624       2.3     0.743         0
    51/149     10.2G      1.78     0.726         0      2.51        13       512     0.749     0.538     0.613     0.626      2.38     0.755         0
    52/149     10.2G      1.81     0.694         0       2.5        14       512     0.677     0.591     0.616     0.631      2.29     0.745         0
    53/149     10.2G      1.75     0.716         0      2.47        20       512     0.737      0.57     0.613     0.643      2.27      0.74         0
    54/149     10.2G      1.79     0.712         0       2.5        18       512     0.756     0.549      0.61     0.636      2.25     0.777         0
    55/149     10.2G      1.73     0.663         0       2.4        12       512     0.728     0.563     0.628     0.635      2.29     0.776         0
    56/149     10.2G      1.72     0.662         0      2.39        14       512     0.721     0.547     0.602     0.622       2.3     0.814         0
    57/149     10.2G       1.7     0.634         0      2.34        13       512     0.756     0.538     0.621     0.629      2.24     0.792         0
    58/149     10.2G      1.67      0.66         0      2.33        10       512     0.767     0.545     0.618     0.637      2.26     0.775         0
    59/149     10.2G      1.72     0.673         0      2.39        23       512     0.691     0.573     0.614     0.626      2.22     0.745         0
    60/149     10.2G      1.67     0.638         0      2.31        10       512     0.681     0.585     0.638     0.629      2.21     0.718         0
    61/149     10.2G      1.67     0.637         0      2.31        14       512     0.707     0.587     0.635     0.641      2.22     0.707         0
    62/149     10.2G      1.67     0.668         0      2.34         9       512     0.764     0.535     0.597     0.629      2.25     0.885         0
    63/149     10.2G      1.68     0.649         0      2.33        22       512     0.668     0.568     0.621     0.613      2.27     0.755         0
    64/149     10.2G       1.6     0.673         0      2.27        11       512     0.734     0.547      0.62     0.627      2.16     0.802         0
    65/149     10.2G      1.64     0.646         0      2.29        19       512     0.759     0.511     0.598     0.611      2.23     0.819         0
    66/149     10.2G      1.63     0.631         0      2.26        21       512     0.788     0.515     0.611     0.623      2.21      0.78         0
    67/149     10.2G      1.62     0.572         0       2.2        10       512     0.758     0.536     0.612     0.628      2.23     0.805         0
    68/149     10.2G      1.46     0.621         0      2.08        15       512     0.728     0.566     0.621     0.637      2.17     0.799         0
    69/149     10.2G      1.55     0.636         0      2.18        14       512     0.803     0.529     0.618     0.638      2.15     0.829         0
    70/149     10.2G      1.45     0.607         0      2.06        15       512     0.805     0.529     0.607     0.639      2.14     0.879         0
    71/149     10.2G      1.49     0.586         0      2.08        13       512     0.725     0.537     0.606     0.617      2.14     0.892         0
    72/149     10.2G      1.42     0.592         0      2.01        20       512     0.694     0.551     0.608     0.614      2.14     0.872         0
    73/149     10.2G      1.45     0.564         0      2.02        13       512     0.789     0.542     0.628     0.643      2.17     0.827         0
    74/149     10.2G      1.53     0.571         0       2.1         8       512     0.758     0.528     0.622     0.623      2.15     0.844         0
    75/149     10.2G      1.41     0.569         0      1.98        13       512     0.803     0.511     0.611     0.624      2.16     0.869         0
    76/149     10.2G      1.44     0.588         0      2.03        10       512     0.784     0.521     0.602     0.626      2.13     0.896         0
    77/149     10.2G      1.38     0.576         0      1.96        13       512     0.771     0.504     0.592      0.61      2.18     0.929         0
    78/149     10.2G      1.37     0.562         0      1.93        15       512     0.815     0.532     0.619     0.644      2.12     0.853         0
    79/149     10.2G      1.38     0.588         0      1.97        16       512     0.816     0.526     0.618      0.64       2.1      0.86         0
    80/149     10.2G      1.34     0.552         0       1.9         8       512     0.761      0.52     0.605     0.618      2.12     0.882         0
    81/149     10.2G      1.35      0.53         0      1.88        17       512     0.783      0.51     0.603     0.618      2.11     0.913         0
    82/149     10.2G      1.35     0.551         0       1.9        11       512       0.8      0.52     0.617      0.63      2.05     0.884         0
    83/149     10.2G      1.29     0.539         0      1.83        12       512     0.779     0.533     0.626     0.633      2.11     0.853         0
    84/149     10.2G      1.33      0.54         0      1.87        15       512     0.802     0.527     0.615     0.636      2.12     0.877         0
    85/149     10.2G       1.3     0.547         0      1.85        18       512     0.807     0.524     0.614     0.635      2.09     0.875         0
    86/149     10.2G      1.26     0.535         0      1.79        20       512     0.768     0.537     0.619     0.632      2.03     0.887         0
    87/149     10.2G      1.26      0.54         0       1.8        11       512     0.804     0.526     0.616     0.636      2.04     0.897         0
    88/149     10.2G      1.25     0.542         0      1.79        19       512     0.781     0.528     0.619      0.63      2.05       0.9         0
    89/149     10.2G      1.35     0.484         0      1.83         6       512     0.735     0.537      0.61     0.621      2.07     0.906         0
    90/149     10.2G      1.22     0.512         0      1.73        19       512      0.75     0.562     0.635     0.643      2.03     0.824         0
    91/149     10.2G      1.24     0.526         0      1.77        17       512     0.787     0.533     0.622     0.635      2.03     0.857         0
    92/149     10.2G       1.2     0.503         0      1.71        13       512     0.824     0.523     0.619     0.639      2.05     0.922         0
    93/149     10.2G       1.2     0.539         0      1.74        10       512     0.821     0.518     0.619     0.635      2.01     0.921         0
    94/149     10.2G      1.14     0.498         0      1.64         8       512     0.761     0.549     0.627     0.638      1.99     0.874         0
    95/149     10.2G      1.19     0.483         0      1.67        22       512     0.759     0.543     0.623     0.633         2     0.858         0
    96/149     10.2G      1.16     0.494         0      1.66        10       512     0.821     0.517      0.62     0.635         2     0.902         0
    97/149     10.2G      1.12     0.518         0      1.64        18       512     0.839     0.505     0.616     0.631      1.98     0.898         0
    98/149     10.2G      1.15     0.457         0       1.6         9       512      0.82     0.497     0.601     0.619      1.97     0.958         0
    99/149     10.2G      1.11     0.477         0      1.59        13       512     0.832     0.499     0.605     0.624      1.98     0.938         0
   100/149     10.2G      1.14     0.458         0      1.59        14       512     0.829     0.516     0.612     0.636      1.94     0.942         0
   101/149     10.2G       1.1     0.472         0      1.57        15       512     0.833     0.524     0.622     0.643      1.94     0.914         0
   102/149     10.2G      1.08     0.465         0      1.54        15       512     0.861     0.524     0.636     0.652      1.93     0.867         0
   103/149     10.2G      1.07     0.464         0      1.54        17       512     0.849     0.518     0.624     0.644      1.94     0.893         0
   104/149     10.2G      1.08     0.444         0      1.52        15       512     0.873     0.506     0.608     0.641      1.94     0.955         0
   105/149     10.2G      1.06     0.447         0       1.5        11       512     0.845     0.508     0.611     0.635      1.91     0.971         0
   106/149     10.2G     0.984     0.457         0      1.44        10       512     0.822     0.518     0.623     0.636      1.93     0.931         0
   107/149     10.2G      1.02     0.445         0      1.46         8       512     0.839     0.512     0.617     0.636      1.89     0.965         0
   108/149     10.2G      1.04     0.433         0      1.47        14       512     0.847     0.508     0.629     0.635      1.87     0.943         0
   109/149     10.2G      1.05     0.439         0      1.49        13       512     0.857     0.508     0.633     0.638      1.87     0.926         0
   110/149     10.2G     0.994     0.464         0      1.46        13       512     0.848     0.505     0.626     0.633      1.84     0.944         0
   111/149     10.2G      1.02     0.435         0      1.46        16       512      0.83     0.509     0.626     0.631      1.85      0.94         0
   112/149     10.2G     0.967     0.431         0       1.4        16       512     0.834     0.508     0.618     0.631      1.86      0.95         0
   113/149     10.2G         1     0.418         0      1.42        25       512     0.833      0.51     0.616     0.632      1.87     0.955         0
   114/149     10.2G     0.965     0.441         0      1.41        16       512     0.861     0.513     0.623     0.643      1.86     0.945         0
   115/149     10.2G     0.956     0.457         0      1.41        15       512     0.836     0.523     0.632     0.643      1.86     0.926         0
   116/149     10.2G     0.969     0.421         0      1.39        14       512     0.845     0.515      0.62      0.64      1.91     0.958         0
   117/149     10.2G      0.98     0.459         0      1.44        11       512     0.847     0.505     0.621     0.633      1.87     0.955         0
   118/149     10.2G     0.956     0.425         0      1.38         9       512     0.846     0.513     0.628     0.639      1.86     0.936         0
   119/149     10.2G     0.935      0.43         0      1.36        16       512     0.866     0.513     0.629     0.644      1.87     0.933         0
   120/149     10.2G     0.941     0.423         0      1.36        23       512     0.863     0.527      0.64     0.654      1.83     0.902         0
   121/149     10.2G     0.901     0.407         0      1.31        11       512     0.874     0.527      0.64     0.658      1.84     0.908         0
   122/149     10.2G     0.906     0.395         0       1.3        11       512     0.875     0.515     0.639     0.649      1.83     0.927         0
   123/149     10.2G     0.903     0.425         0      1.33        13       512     0.875     0.518     0.642     0.651      1.82     0.907         0
   124/149     10.2G     0.847     0.373         0      1.22        14       512     0.862      0.51     0.638     0.641      1.82     0.917         0
   125/149     10.2G     0.867     0.406         0      1.27         9       512     0.861     0.505     0.635     0.637      1.83     0.925         0
   126/149     10.2G     0.909       0.4         0      1.31        16       512     0.862      0.51     0.635     0.641      1.82     0.936         0
   127/149     10.2G     0.862     0.377         0      1.24        15       512     0.873     0.507     0.633     0.641      1.82     0.952         0
   128/149     10.2G     0.838     0.403         0      1.24        16       512     0.883     0.505     0.632     0.643      1.81     0.948         0
   129/149     10.2G     0.888     0.394         0      1.28        24       512     0.881     0.498     0.632     0.636      1.82     0.955         0
   130/149     10.2G     0.866     0.397         0      1.26        13       512     0.876     0.497      0.63     0.634      1.82     0.978         0
   131/149     10.2G     0.909     0.398         0      1.31        26       512     0.876       0.5      0.63     0.637       1.8     0.973         0
   132/149     10.2G     0.819     0.379         0       1.2        18       512     0.861     0.503     0.631     0.635       1.8     0.959         0
   133/149     10.2G     0.818     0.376         0      1.19        23       512     0.859      0.51      0.63      0.64      1.82     0.945         0
   134/149     10.2G     0.858     0.378         0      1.24        19       512     0.851     0.504     0.626     0.633      1.82     0.955         0
   135/149     10.2G     0.879     0.394         0      1.27        16       512     0.863       0.5     0.623     0.633      1.82     0.971         0
   136/149     10.2G     0.838     0.372         0      1.21        12       512     0.866       0.5     0.625     0.634      1.81     0.964         0
   137/149     10.2G     0.874     0.366         0      1.24        16       512     0.868     0.509     0.635     0.642       1.8      0.93         0
   138/149     10.2G     0.844     0.385         0      1.23        21       512     0.872     0.515     0.639     0.648      1.79     0.916         0
   139/149     10.2G     0.911     0.396         0      1.31        12       512     0.873     0.508     0.639     0.643      1.79      0.92         0
   140/149     10.2G     0.825     0.392         0      1.22        27       512     0.878     0.515     0.643     0.649      1.78     0.919         0
   141/149     10.2G     0.813     0.387         0       1.2        14       512     0.873     0.513     0.642     0.646      1.78     0.929         0
   142/149     10.2G     0.822     0.387         0      1.21        13       512     0.882     0.512     0.642     0.648      1.78      0.93         0
   143/149     10.2G     0.807      0.37         0      1.18        17       512     0.881      0.51     0.638     0.646      1.79     0.946         0
   144/149     10.2G     0.798     0.351         0      1.15        11       512     0.878     0.509     0.636     0.644      1.78     0.952         0
   145/149     10.2G     0.778     0.361         0      1.14        11       512     0.884     0.505     0.633     0.643      1.77     0.952         0
   146/149     10.2G     0.873      0.37         0      1.24        16       512     0.881     0.504     0.633     0.642      1.77     0.948         0
   147/149     10.2G     0.756     0.364         0      1.12        13       512     0.885     0.503     0.634     0.642      1.77     0.945         0
   148/149     10.2G      0.81     0.374         0      1.18        20       512     0.879     0.504     0.633     0.641      1.77     0.948         0
   149/149     10.2G     0.811     0.349         0      1.16        17       512     0.876     0.505     0.636     0.641      1.78     0.938         0
